"C:\Users\Aditya\Desktop\Project\Clustering and Normalization\venv\Scripts\python.exe" "C:/Users/Aditya/Desktop/Project/Clustering and Normalization/TimeClusters.py"
     0         1    2    3    4    5    6    7    8    9  ...    40        41  \
0   0.0  0.000000  0.0  0.0  0.0  0.0  0.0  0.0  0.0  0.0 ...   0.0  0.000000   
1   0.0  0.000000  0.0  0.0  0.0  0.0  0.0  0.0  0.0  0.0 ...   0.0  0.000000   
2   0.0  0.000000  0.0  0.0  0.0  0.0  0.0  0.0  0.0  0.0 ...   0.0  0.000000   
3   0.0  0.272727  0.0  0.0  0.0  0.0  0.0  0.0  0.1  0.0 ...   0.0  0.000000   
4   0.0  0.000000  0.0  0.0  0.0  0.0  0.0  0.0  0.0  0.0 ...   0.0  0.000000   
5   0.0  0.000000  0.0  0.0  0.0  0.0  1.0  1.0  0.9  1.0 ...   0.0  1.000000   
6   0.0  0.000000  0.0  0.0  0.0  0.0  0.0  0.0  0.0  0.0 ...   0.0  0.000000   
7   0.0  0.000000  0.0  0.0  0.0  0.0  0.0  0.0  0.0  0.0 ...   0.0  0.000000   
8   0.0  0.000000  0.0  0.0  0.0  0.0  0.0  0.0  0.0  0.0 ...   0.0  0.000000   
9   0.0  0.000000  0.0  0.0  0.0  0.0  0.0  0.0  0.0  0.0 ...   0.0  0.000000   
10  0.0  0.000000  0.0  0.0  0.0  0.0  0.0  0.0  0.0  0.0 ...   1.0  0.000000   
11  0.0  0.000000  0.0  0.0  0.0  0.0  0.0  0.0  0.0  0.0 ...   0.0  0.000000   
12  0.0  0.000000  0.0  0.0  0.0  0.0  0.0  0.0  0.0  0.0 ...   0.0  0.000000   
13  0.0  0.000000  0.0  0.0  0.0  0.0  0.0  0.0  0.0  0.0 ...   0.0  0.000000   
14  0.0  0.000000  0.0  0.0  0.0  0.0  0.0  0.0  0.0  0.0 ...   0.0  0.000000   
15  0.0  0.000000  0.0  0.0  0.0  0.0  0.0  0.0  0.0  0.0 ...   0.0  0.000000   
16  0.0  0.000000  0.0  0.0  0.0  0.0  0.0  0.0  0.0  0.0 ...   0.0  0.000000   
17  0.0  0.000000  0.0  0.0  0.0  0.0  0.0  0.0  0.0  0.0 ...   0.0  0.000000   
18  0.0  0.000000  0.0  0.0  0.0  0.0  0.0  0.0  0.0  0.0 ...   0.0  0.000000   
19  0.0  0.000000  0.0  0.0  0.0  0.0  0.0  0.0  0.0  0.0 ...   0.0  0.000000   
20  0.0  0.000000  0.0  0.0  0.0  0.0  0.0  0.0  0.0  0.0 ...   0.0  0.000000   
21  0.0  0.000000  0.0  0.0  0.0  0.0  0.0  0.0  0.0  0.0 ...   0.0  0.000000   
22  0.0  0.000000  0.0  0.0  0.0  0.0  0.0  0.0  0.0  0.0 ...   0.0  0.000000   
23  0.0  0.000000  0.0  0.0  0.0  0.0  0.0  0.0  0.0  0.0 ...   0.0  0.000000   
24  0.0  0.000000  0.0  0.0  0.0  0.0  0.0  0.0  0.0  0.0 ...   0.0  0.000000   
25  0.0  0.000000  0.0  0.0  0.0  0.0  0.0  0.0  0.0  0.0 ...   0.0  0.000000   
26  0.0  0.000000  0.0  0.0  0.0  0.0  0.0  0.0  0.0  0.0 ...   0.0  0.000000   
27  0.0  0.000000  0.0  0.0  0.0  0.0  0.0  0.0  0.0  0.0 ...   0.0  0.000000   
28  0.0  0.181818  0.0  0.0  0.0  0.0  0.0  0.0  0.0  0.0 ...   0.0  0.000000   
29  0.0  0.000000  0.0  0.0  0.0  0.0  0.0  0.0  0.0  0.0 ...   0.0  0.000000   
..  ...       ...  ...  ...  ...  ...  ...  ...  ...  ... ...   ...       ...   
70  0.0  0.000000  0.0  0.0  0.0  0.0  0.0  0.0  0.0  0.0 ...   0.0  0.000000   
71  0.0  0.000000  0.0  0.0  0.0  0.0  0.0  0.0  0.0  0.0 ...   0.0  0.000000   
72  0.0  0.000000  0.0  0.0  0.0  0.0  0.0  0.0  0.0  0.0 ...   0.0  0.000000   
73  0.0  0.818182  0.0  0.0  0.0  0.0  0.0  0.0  1.0  0.0 ...   0.0  0.000000   
74  0.0  0.000000  0.0  0.0  0.0  0.0  0.0  0.0  0.0  0.0 ...   0.0  0.000000   
75  0.0  0.000000  0.0  0.0  0.0  0.0  0.0  0.0  0.0  0.0 ...   0.0  0.000000   
76  0.0  0.000000  0.0  0.0  0.0  0.0  0.0  0.0  0.0  0.0 ...   0.0  0.000000   
77  0.0  0.000000  0.0  0.0  0.0  0.0  0.0  0.0  0.0  0.0 ...   0.0  0.000000   
78  0.0  0.000000  0.0  0.0  0.0  0.0  0.0  0.0  0.0  0.0 ...   0.0  0.000000   
79  0.0  0.000000  0.0  0.0  0.0  0.0  0.0  0.0  0.0  0.0 ...   0.0  0.000000   
80  0.0  0.000000  0.0  0.0  0.0  0.0  0.0  0.0  0.0  0.0 ...   0.0  0.000000   
81  0.0  0.000000  0.0  0.0  0.0  0.0  0.0  0.0  0.0  0.0 ...   0.0  0.000000   
82  0.0  0.000000  0.0  0.0  0.0  0.0  0.0  0.0  0.0  0.0 ...   0.0  0.000000   
83  0.0  0.000000  1.0  1.0  1.0  1.0  0.0  0.0  0.0  0.0 ...   0.0  0.000000   
84  0.0  0.000000  0.0  0.0  0.0  0.0  0.0  0.0  0.0  0.0 ...   0.0  0.000000   
85  0.0  0.454545  0.0  0.0  0.0  0.0  0.0  0.0  0.4  0.0 ...   0.0  0.000000   
86  0.0  0.000000  0.0  0.0  0.0  0.0  0.0  0.0  0.0  0.0 ...   0.0  0.000000   
87  0.0  0.000000  0.0  0.0  0.0  0.0  0.0  0.0  0.0  0.0 ...   0.0  0.000000   
88  0.0  1.000000  0.0  0.0  0.0  0.0  0.0  0.0  0.0  0.0 ...   0.0  0.000000   
89  0.0  0.000000  0.0  0.0  0.0  0.0  0.0  0.0  0.0  0.0 ...   0.0  0.000000   
90  0.0  0.000000  0.0  0.0  0.0  0.0  0.6  0.3  0.7  0.5 ...   0.0  0.777778   
91  0.0  0.000000  0.0  0.0  0.0  0.0  0.0  0.0  0.1  0.0 ...   0.0  0.000000   
92  0.0  0.000000  0.0  0.0  0.0  0.0  0.0  0.0  0.0  0.0 ...   0.0  0.000000   
93  0.0  0.000000  0.0  0.0  0.0  0.0  0.0  0.0  0.0  0.0 ...   0.0  0.000000   
94  0.0  0.454545  0.0  0.0  0.0  0.0  0.0  0.0  0.0  0.0 ...   0.0  0.000000   
95  0.0  0.000000  0.0  0.0  0.0  0.0  0.0  0.0  0.0  0.0 ...   0.0  0.000000   
96  1.0  0.363636  0.0  0.0  0.0  0.0  0.0  0.0  0.0  0.0 ...   0.0  0.000000   
97  0.0  0.000000  0.0  0.0  0.0  0.0  0.0  0.0  0.0  0.0 ...   0.0  0.000000   
98  0.0  0.000000  0.0  0.0  0.0  0.0  0.0  0.0  0.0  0.0 ...   0.0  0.000000   
99  0.0  0.000000  0.0  0.0  0.0  0.0  0.0  0.0  0.1  0.0 ...   0.0  0.000000   

        42        43        44        45        46        47      48   49  
0   0.0000  0.000000  0.016949  0.000000  0.000000  0.000000  0.0000  0.0  
1   0.0000  1.000000  1.000000  1.000000  1.000000  1.000000  0.0000  0.0  
2   0.0000  0.000000  0.000000  0.000000  0.000000  0.000000  0.0000  0.0  
3   0.0000  0.000000  0.000000  0.000000  0.000000  0.000000  0.0000  0.0  
4   0.0000  0.000000  0.406780  0.000000  0.000000  0.000000  0.0000  0.0  
5   0.0000  0.014493  0.016949  0.000000  0.000000  0.000000  0.0000  0.0  
6   0.0000  0.000000  0.000000  0.000000  0.000000  0.000000  0.0000  0.0  
7   0.0000  0.000000  0.000000  0.000000  0.000000  0.000000  0.0000  0.0  
8   0.0000  0.000000  0.000000  0.000000  0.000000  0.000000  0.0000  0.0  
9   0.0000  0.000000  0.000000  0.000000  0.000000  0.000000  0.0000  0.0  
10  0.0000  0.000000  0.000000  0.000000  0.000000  0.000000  0.0000  0.0  
11  0.0000  0.000000  0.033898  0.000000  0.000000  0.000000  0.0000  0.0  
12  0.0000  0.000000  0.000000  0.000000  0.000000  0.000000  0.0000  0.0  
13  0.0000  0.000000  0.000000  0.000000  0.000000  0.000000  0.0000  0.0  
14  0.0625  0.000000  0.237288  0.000000  0.000000  0.000000  0.0000  0.0  
15  0.0000  0.000000  0.033898  0.000000  0.013333  0.013514  0.0000  0.0  
16  0.0000  0.000000  0.016949  0.000000  0.000000  0.000000  0.0000  0.0  
17  0.0000  0.000000  0.000000  0.000000  0.000000  0.000000  0.0000  0.0  
18  0.0000  0.000000  0.000000  0.037037  0.000000  0.000000  0.0000  0.0  
19  0.0000  0.028986  0.016949  0.000000  0.000000  0.067568  0.0000  0.0  
20  0.0000  0.101449  0.135593  0.148148  0.226667  0.040541  0.0000  0.0  
21  0.0000  0.376812  0.033898  0.000000  0.000000  0.000000  0.0000  0.0  
22  0.0000  0.000000  0.000000  0.000000  0.000000  0.000000  0.0000  0.0  
23  0.0000  0.086957  0.033898  0.074074  0.000000  0.027027  0.0000  0.0  
24  0.0000  0.144928  0.101695  0.222222  0.133333  0.027027  0.0000  0.0  
25  0.0000  0.000000  0.000000  0.000000  0.000000  0.000000  0.0000  0.0  
26  0.0000  0.000000  0.000000  0.000000  0.000000  0.000000  0.0000  0.0  
27  0.0000  0.000000  0.000000  0.000000  0.000000  0.000000  0.0000  0.0  
28  0.0000  0.000000  0.000000  0.000000  0.000000  0.000000  0.0000  0.0  
29  0.0000  0.000000  0.000000  0.000000  0.000000  0.000000  0.0000  0.0  
..     ...       ...       ...       ...       ...       ...     ...  ...  
70  0.0000  0.028986  0.118644  0.000000  0.026667  0.013514  0.0000  0.0  
71  0.0000  0.000000  0.118644  0.000000  0.000000  0.000000  0.0000  0.0  
72  0.0000  0.000000  0.000000  0.000000  0.000000  0.000000  0.0000  0.0  
73  0.0000  0.000000  0.016949  0.000000  0.000000  0.000000  0.0000  0.0  
74  0.0000  0.000000  0.000000  0.000000  0.000000  0.000000  0.0000  0.0  
75  0.0000  0.000000  0.016949  0.000000  0.000000  0.000000  0.0000  0.0  
76  0.0000  0.000000  0.000000  0.000000  0.000000  0.000000  0.0000  0.0  
77  0.0000  0.000000  0.000000  0.000000  0.000000  0.000000  0.0000  0.0  
78  0.0000  0.000000  0.101695  0.000000  0.000000  0.000000  0.0625  0.0  
79  0.0000  0.000000  0.000000  0.000000  0.013333  0.000000  0.0000  0.0  
80  0.0000  0.000000  0.000000  0.000000  0.000000  0.000000  0.0000  0.0  
81  0.0000  0.057971  0.135593  0.000000  0.026667  0.027027  0.0000  0.0  
82  0.0000  0.000000  0.067797  0.000000  0.000000  0.000000  0.0000  0.0  
83  0.0000  0.000000  0.000000  0.000000  0.000000  0.000000  0.0000  0.0  
84  0.0000  0.000000  0.000000  0.000000  0.000000  0.000000  0.0000  0.0  
85  0.0000  0.000000  0.000000  0.000000  0.066667  0.013514  0.0000  0.0  
86  0.0000  0.000000  0.101695  0.000000  0.000000  0.000000  0.0000  0.0  
87  0.0000  0.000000  0.000000  0.000000  0.000000  0.000000  0.0000  0.0  
88  0.0000  0.028986  0.372881  0.037037  0.000000  0.000000  0.0000  0.0  
89  0.0000  0.028986  0.016949  0.000000  0.000000  0.000000  0.0000  0.0  
90  0.0000  0.000000  0.000000  0.000000  0.000000  0.000000  0.0000  0.0  
91  0.0000  0.000000  0.000000  0.000000  0.000000  0.000000  0.0000  0.0  
92  0.0000  0.057971  0.254237  0.222222  0.066667  0.324324  0.0000  0.0  
93  0.0000  0.000000  0.000000  0.000000  0.000000  0.000000  0.0000  0.0  
94  0.0000  0.000000  0.033898  0.000000  0.000000  0.000000  0.0000  0.0  
95  0.0000  0.000000  0.050847  0.000000  0.000000  0.000000  0.0000  0.0  
96  0.0000  0.000000  0.000000  0.000000  0.000000  0.013514  0.0000  0.0  
97  0.0000  0.000000  0.000000  0.000000  0.000000  0.013514  0.0000  0.0  
98  0.0000  0.000000  0.000000  0.000000  0.000000  0.000000  0.0000  0.0  
99  0.0000  0.000000  0.000000  0.000000  0.000000  0.000000  0.0000  0.0  

[100 rows x 50 columns]
     0         1    2    3    4    5    6    7    8    9  ...    40   41  \
1   0.0  0.000000  0.0  0.0  0.0  0.0  0.0  0.0  0.0  0.0 ...   0.0  0.0   
2   0.0  0.000000  0.0  0.0  0.0  0.0  0.0  0.0  0.0  0.0 ...   0.0  0.0   
5   0.0  0.000000  0.0  0.0  0.0  0.0  1.0  1.0  0.9  1.0 ...   0.0  1.0   
6   0.0  0.000000  0.0  0.0  0.0  0.0  0.0  0.0  0.0  0.0 ...   0.0  0.0   
13  0.0  0.000000  0.0  0.0  0.0  0.0  0.0  0.0  0.0  0.0 ...   0.0  0.0   
14  0.0  0.000000  0.0  0.0  0.0  0.0  0.0  0.0  0.0  0.0 ...   0.0  0.0   
17  0.0  0.000000  0.0  0.0  0.0  0.0  0.0  0.0  0.0  0.0 ...   0.0  0.0   
18  0.0  0.000000  0.0  0.0  0.0  0.0  0.0  0.0  0.0  0.0 ...   0.0  0.0   
19  0.0  0.000000  0.0  0.0  0.0  0.0  0.0  0.0  0.0  0.0 ...   0.0  0.0   
24  0.0  0.000000  0.0  0.0  0.0  0.0  0.0  0.0  0.0  0.0 ...   0.0  0.0   
35  0.0  0.000000  0.0  0.0  0.0  0.0  0.0  0.0  0.1  0.0 ...   0.0  0.0   
36  0.0  0.000000  0.0  0.0  0.0  0.0  0.0  0.0  0.0  0.0 ...   0.0  0.0   
38  0.0  0.000000  0.0  0.0  0.0  0.0  0.0  0.0  0.0  0.0 ...   0.0  0.0   
40  0.0  0.000000  0.0  0.0  0.0  0.0  0.0  0.0  0.0  0.0 ...   0.0  0.0   
44  0.0  0.000000  0.0  0.0  0.0  0.0  0.0  0.0  0.0  0.0 ...   0.0  0.0   
48  0.0  0.000000  0.0  0.0  0.0  0.0  0.0  0.0  0.0  0.0 ...   0.0  0.0   
50  0.0  0.000000  0.0  0.0  0.0  0.0  0.0  0.0  0.0  0.0 ...   0.0  0.0   
58  0.0  0.000000  0.0  0.0  0.0  0.0  0.0  0.0  0.0  0.0 ...   0.0  0.0   
59  0.0  0.000000  0.0  0.0  0.0  0.0  0.0  0.0  0.0  0.0 ...   0.0  0.0   
66  0.0  0.000000  0.0  0.0  0.0  0.0  0.0  0.0  0.0  0.0 ...   0.0  0.0   
68  0.0  0.000000  0.0  0.0  0.0  0.0  0.0  0.0  0.0  0.0 ...   0.0  0.0   
75  0.0  0.000000  0.0  0.0  0.0  0.0  0.0  0.0  0.0  0.0 ...   0.0  0.0   
76  0.0  0.000000  0.0  0.0  0.0  0.0  0.0  0.0  0.0  0.0 ...   0.0  0.0   
85  0.0  0.454545  0.0  0.0  0.0  0.0  0.0  0.0  0.4  0.0 ...   0.0  0.0   
87  0.0  0.000000  0.0  0.0  0.0  0.0  0.0  0.0  0.0  0.0 ...   0.0  0.0   
91  0.0  0.000000  0.0  0.0  0.0  0.0  0.0  0.0  0.1  0.0 ...   0.0  0.0   
94  0.0  0.454545  0.0  0.0  0.0  0.0  0.0  0.0  0.0  0.0 ...   0.0  0.0   
95  0.0  0.000000  0.0  0.0  0.0  0.0  0.0  0.0  0.0  0.0 ...   0.0  0.0   
97  0.0  0.000000  0.0  0.0  0.0  0.0  0.0  0.0  0.0  0.0 ...   0.0  0.0   
99  0.0  0.000000  0.0  0.0  0.0  0.0  0.0  0.0  0.1  0.0 ...   0.0  0.0   

        42        43        44        45        46        47      48   49  
1   0.0000  1.000000  1.000000  1.000000  1.000000  1.000000  0.0000  0.0  
2   0.0000  0.000000  0.000000  0.000000  0.000000  0.000000  0.0000  0.0  
5   0.0000  0.014493  0.016949  0.000000  0.000000  0.000000  0.0000  0.0  
6   0.0000  0.000000  0.000000  0.000000  0.000000  0.000000  0.0000  0.0  
13  0.0000  0.000000  0.000000  0.000000  0.000000  0.000000  0.0000  0.0  
14  0.0625  0.000000  0.237288  0.000000  0.000000  0.000000  0.0000  0.0  
17  0.0000  0.000000  0.000000  0.000000  0.000000  0.000000  0.0000  0.0  
18  0.0000  0.000000  0.000000  0.037037  0.000000  0.000000  0.0000  0.0  
19  0.0000  0.028986  0.016949  0.000000  0.000000  0.067568  0.0000  0.0  
24  0.0000  0.144928  0.101695  0.222222  0.133333  0.027027  0.0000  0.0  
35  0.0000  0.000000  0.000000  0.000000  0.000000  0.000000  0.0000  0.0  
36  0.0000  0.000000  0.000000  0.000000  0.000000  0.000000  0.0000  0.0  
38  0.0000  0.028986  0.033898  0.000000  0.253333  0.000000  0.0000  0.0  
40  0.0000  0.000000  0.050847  0.000000  0.000000  0.000000  0.0000  0.0  
44  0.0000  0.000000  0.000000  0.000000  0.000000  0.000000  0.0000  0.0  
48  0.0000  0.000000  0.000000  0.000000  0.000000  0.000000  0.0000  0.0  
50  0.0000  0.000000  0.016949  0.000000  0.000000  0.000000  0.0000  0.0  
58  0.0000  0.000000  0.000000  0.000000  0.000000  0.000000  0.0625  0.0  
59  0.0000  0.000000  0.050847  0.000000  0.000000  0.000000  0.0000  0.0  
66  0.0000  0.000000  0.000000  0.000000  0.000000  0.000000  0.0000  0.0  
68  0.0000  0.000000  0.118644  0.000000  0.000000  0.000000  0.0000  0.0  
75  0.0000  0.000000  0.016949  0.000000  0.000000  0.000000  0.0000  0.0  
76  0.0000  0.000000  0.000000  0.000000  0.000000  0.000000  0.0000  0.0  
85  0.0000  0.000000  0.000000  0.000000  0.066667  0.013514  0.0000  0.0  
87  0.0000  0.000000  0.000000  0.000000  0.000000  0.000000  0.0000  0.0  
91  0.0000  0.000000  0.000000  0.000000  0.000000  0.000000  0.0000  0.0  
94  0.0000  0.000000  0.033898  0.000000  0.000000  0.000000  0.0000  0.0  
95  0.0000  0.000000  0.050847  0.000000  0.000000  0.000000  0.0000  0.0  
97  0.0000  0.000000  0.000000  0.000000  0.000000  0.013514  0.0000  0.0  
99  0.0000  0.000000  0.000000  0.000000  0.000000  0.000000  0.0000  0.0  

[30 rows x 50 columns]
[[0.         0.         0.         0.         0.         0.
  0.6        0.3        0.7        0.5        0.55555556 0.55555556
  0.         0.         0.         0.77777778 0.         0.66666667
  0.         0.66666667 1.         0.         0.         0.
  0.         0.         0.         0.         0.         0.
  0.         0.         0.         0.         0.         0.
  0.77777778 0.         0.         0.         0.         0.77777778
  0.         0.         0.         0.         0.         0.
  0.         0.        ]
 [0.         0.         0.         0.         0.         0.
  0.         0.         0.         0.         0.         0.
  0.         0.         0.         0.         0.         0.
  0.         0.         0.         0.125      0.         0.
  0.         0.         0.         0.         0.         0.
  0.         0.         0.         0.         0.         0.
  0.         0.         0.         0.         0.         0.
  0.         0.01449275 0.         0.03703704 0.10666667 0.02702703
  0.         0.        ]
 [0.         0.         0.         0.         0.         0.
  0.         0.         0.         0.         0.         0.
  0.         0.         0.         0.         0.         0.
  0.         0.         0.         0.         0.         0.
  0.         0.         0.         0.         0.         0.
  0.         0.         0.         0.         0.         0.
  0.         0.         0.         0.         0.         0.
  0.         0.         0.         0.         0.         0.
  0.         0.        ]
 [1.         0.36363636 0.         0.         0.         0.
  0.         0.         0.         0.         0.         0.
  0.         0.         0.         0.         0.         0.
  0.         0.         0.         0.         0.         0.
  0.         0.         0.         0.         0.         0.
  0.         0.         0.         0.         0.         0.
  0.         0.         0.         0.         0.         0.
  0.         0.         0.         0.         0.         0.01351351
  0.         0.        ]
 [0.         0.         0.         0.         0.         0.
  0.         0.         0.         0.         0.         0.
  0.         0.         0.         0.         0.         0.
  0.         0.         0.         0.         0.         0.
  0.         0.         0.         0.         0.         0.
  0.         0.         0.         0.         0.         0.
  0.         0.         0.         0.         0.         0.
  0.         0.         0.         0.         0.         0.
  0.         0.        ]]
[4, 0, 0, 0, 0, 0, 0, 0, 0, 0, 0, 0, 0, 0, 0, 0, 0, 0, 0, 0, 0, 0, 0, 0, 0, 0, 0, 0, 3, 0, 0, 0, 0, 0, 0, 0, 0, 0, 0, 0, 0, 0, 0, 0, 0, 0, 0, 0, 0, 0, 0, 0, 0, 0, 0, 0, 0, 0, 0, 1, 0, 0, 0, 0, 2, 0, 0, 0, 0, 0]
4
50
Clusters :  [[1, 2, 3, 4, 5, 6, 7, 8, 9, 10, 11, 12, 13, 14, 15, 16, 17, 18, 19, 20, 21, 22, 23, 24, 25, 26, 27, 29, 30, 31, 32, 33, 34, 35, 36, 37, 38, 39, 40, 41, 42, 43, 44, 45, 46, 47, 48, 49, 50, 51, 52, 53, 54, 55, 56, 57, 58, 60, 61, 62, 63, 65, 66, 67, 68, 69], [59], [64], [28], [0]]
Mean Vectors
[array([0.01515152, 0.0399449 , 0.        , 0.        , 0.        ,
       0.        , 0.        , 0.        , 0.03484848, 0.        ,
       0.        , 0.0016835 , 0.        , 0.        , 0.        ,
       0.        , 0.01515152, 0.        , 0.03162055, 0.        ,
       0.00126263, 0.02462121, 0.01515152, 0.        , 0.        ,
       0.        , 0.        , 0.        , 0.        , 0.0020202 ,
       0.        , 0.        , 0.        , 0.        , 0.02738928,
       0.        , 0.003367  , 0.        , 0.01515152, 0.        ,
       0.        , 0.        , 0.00284091, 0.01405358, 0.04879301,
       0.01178451, 0.00848485, 0.00982801, 0.00189394, 0.        ]), array([0., 0., 0., 0., 0., 0., 0., 0., 0., 0., 0., 0., 0., 0., 0., 0., 0.,
       0., 0., 0., 0., 0., 0., 0., 0., 0., 0., 0., 1., 1., 1., 1., 1., 1.,
       1., 0., 0., 0., 0., 0., 0., 0., 1., 0., 0., 0., 0., 0., 1., 1.]), array([0.        , 0.        , 0.        , 0.        , 0.        ,
       0.        , 0.        , 0.        , 0.        , 0.        ,
       0.        , 0.        , 0.        , 0.        , 0.        ,
       0.        , 0.        , 0.        , 0.        , 0.        ,
       0.        , 0.16666667, 1.        , 1.        , 1.        ,
       1.        , 1.        , 1.        , 0.        , 0.        ,
       0.        , 0.        , 0.        , 0.        , 0.        ,
       0.        , 0.        , 0.        , 0.        , 1.        ,
       1.        , 0.        , 0.        , 0.        , 0.        ,
       0.        , 0.        , 0.        , 0.        , 0.        ]), array([0.        , 0.        , 1.        , 1.        , 1.        ,
       1.        , 0.        , 0.        , 0.        , 0.        ,
       0.        , 0.        , 1.        , 1.        , 1.        ,
       0.        , 0.        , 0.        , 0.36956522, 0.        ,
       0.        , 0.        , 0.        , 0.        , 0.        ,
       0.        , 0.        , 0.        , 0.        , 0.        ,
       0.        , 0.        , 0.        , 0.        , 0.        ,
       0.        , 0.        , 0.        , 0.        , 0.        ,
       0.        , 0.        , 0.        , 0.        , 0.        ,
       0.        , 0.        , 0.        , 0.        , 0.        ]), array([0.        , 0.        , 0.        , 0.        , 0.        ,
       0.        , 0.6       , 0.3       , 0.7       , 0.5       ,
       0.55555556, 0.55555556, 0.        , 0.        , 0.        ,
       0.77777778, 0.        , 0.66666667, 0.        , 0.66666667,
       1.        , 0.        , 0.        , 0.        , 0.        ,
       0.        , 0.        , 0.        , 0.        , 0.        ,
       0.        , 0.        , 0.        , 0.        , 0.        ,
       0.        , 0.77777778, 0.        , 0.        , 0.        ,
       0.        , 0.77777778, 0.        , 0.        , 0.        ,
       0.        , 0.        , 0.        , 0.        , 0.        ])]
0
1
2
3
4
5
6
7
8
9
10
11
12
13
14
15
16
17
18
19
20
21
22
23
24
25
26
27
28
29
Recommended vector :
          0         1    2    3    4    5    6    7         8    9  ...    40  \
0   0.015152  0.039945  0.0  0.0  0.0  0.0  0.0  0.0  0.034848  0.0 ...   0.0   
1   0.015152  0.039945  0.0  0.0  0.0  0.0  0.0  0.0  0.034848  0.0 ...   0.0   
2   0.015152  0.039945  0.0  0.0  0.0  0.0  0.0  0.0  0.034848  0.0 ...   0.0   
3   0.015152  0.039945  0.0  0.0  0.0  0.0  0.0  0.0  0.034848  0.0 ...   0.0   
4   0.015152  0.039945  0.0  0.0  0.0  0.0  0.0  0.0  0.034848  0.0 ...   0.0   
5   0.015152  0.039945  0.0  0.0  0.0  0.0  0.0  0.0  0.034848  0.0 ...   0.0   
6   0.015152  0.039945  0.0  0.0  0.0  0.0  0.0  0.0  0.034848  0.0 ...   0.0   
7   0.015152  0.039945  0.0  0.0  0.0  0.0  0.0  0.0  0.034848  0.0 ...   0.0   
8   0.015152  0.039945  0.0  0.0  0.0  0.0  0.0  0.0  0.034848  0.0 ...   0.0   
9   0.015152  0.039945  0.0  0.0  0.0  0.0  0.0  0.0  0.034848  0.0 ...   0.0   
10  0.015152  0.039945  0.0  0.0  0.0  0.0  0.0  0.0  0.034848  0.0 ...   0.0   
11  0.015152  0.039945  0.0  0.0  0.0  0.0  0.0  0.0  0.034848  0.0 ...   0.0   
12  0.015152  0.039945  0.0  0.0  0.0  0.0  0.0  0.0  0.034848  0.0 ...   0.0   
13  0.015152  0.039945  0.0  0.0  0.0  0.0  0.0  0.0  0.034848  0.0 ...   0.0   
14  0.015152  0.039945  0.0  0.0  0.0  0.0  0.0  0.0  0.034848  0.0 ...   0.0   
15  0.015152  0.039945  0.0  0.0  0.0  0.0  0.0  0.0  0.034848  0.0 ...   0.0   
16  0.015152  0.039945  0.0  0.0  0.0  0.0  0.0  0.0  0.034848  0.0 ...   0.0   
17  0.015152  0.039945  0.0  0.0  0.0  0.0  0.0  0.0  0.034848  0.0 ...   0.0   
18  0.015152  0.039945  0.0  0.0  0.0  0.0  0.0  0.0  0.034848  0.0 ...   0.0   
19  0.015152  0.039945  0.0  0.0  0.0  0.0  0.0  0.0  0.034848  0.0 ...   0.0   
20  0.015152  0.039945  0.0  0.0  0.0  0.0  0.0  0.0  0.034848  0.0 ...   0.0   
21  0.015152  0.039945  0.0  0.0  0.0  0.0  0.0  0.0  0.034848  0.0 ...   0.0   
22  0.015152  0.039945  0.0  0.0  0.0  0.0  0.0  0.0  0.034848  0.0 ...   0.0   
23  0.015152  0.039945  0.0  0.0  0.0  0.0  0.0  0.0  0.034848  0.0 ...   0.0   
24  0.015152  0.039945  0.0  0.0  0.0  0.0  0.0  0.0  0.034848  0.0 ...   0.0   
25  0.015152  0.039945  0.0  0.0  0.0  0.0  0.0  0.0  0.034848  0.0 ...   0.0   
26  0.015152  0.039945  0.0  0.0  0.0  0.0  0.0  0.0  0.034848  0.0 ...   0.0   
27  0.015152  0.039945  0.0  0.0  0.0  0.0  0.0  0.0  0.034848  0.0 ...   0.0   
28  0.015152  0.039945  0.0  0.0  0.0  0.0  0.0  0.0  0.034848  0.0 ...   0.0   
29  0.015152  0.039945  0.0  0.0  0.0  0.0  0.0  0.0  0.034848  0.0 ...   0.0   

     41        42        43        44        45        46        47        48  \
0   0.0  0.002841  0.014054  0.048793  0.011785  0.008485  0.009828  0.001894   
1   0.0  0.002841  0.014054  0.048793  0.011785  0.008485  0.009828  0.001894   
2   0.0  0.002841  0.014054  0.048793  0.011785  0.008485  0.009828  0.001894   
3   0.0  0.002841  0.014054  0.048793  0.011785  0.008485  0.009828  0.001894   
4   0.0  0.002841  0.014054  0.048793  0.011785  0.008485  0.009828  0.001894   
5   0.0  0.002841  0.014054  0.048793  0.011785  0.008485  0.009828  0.001894   
6   0.0  0.002841  0.014054  0.048793  0.011785  0.008485  0.009828  0.001894   
7   0.0  0.002841  0.014054  0.048793  0.011785  0.008485  0.009828  0.001894   
8   0.0  0.002841  0.014054  0.048793  0.011785  0.008485  0.009828  0.001894   
9   0.0  0.002841  0.014054  0.048793  0.011785  0.008485  0.009828  0.001894   
10  0.0  0.002841  0.014054  0.048793  0.011785  0.008485  0.009828  0.001894   
11  0.0  0.002841  0.014054  0.048793  0.011785  0.008485  0.009828  0.001894   
12  0.0  0.002841  0.014054  0.048793  0.011785  0.008485  0.009828  0.001894   
13  0.0  0.002841  0.014054  0.048793  0.011785  0.008485  0.009828  0.001894   
14  0.0  0.002841  0.014054  0.048793  0.011785  0.008485  0.009828  0.001894   
15  0.0  0.002841  0.014054  0.048793  0.011785  0.008485  0.009828  0.001894   
16  0.0  0.002841  0.014054  0.048793  0.011785  0.008485  0.009828  0.001894   
17  0.0  0.002841  0.014054  0.048793  0.011785  0.008485  0.009828  0.001894   
18  0.0  0.002841  0.014054  0.048793  0.011785  0.008485  0.009828  0.001894   
19  0.0  0.002841  0.014054  0.048793  0.011785  0.008485  0.009828  0.001894   
20  0.0  0.002841  0.014054  0.048793  0.011785  0.008485  0.009828  0.001894   
21  0.0  0.002841  0.014054  0.048793  0.011785  0.008485  0.009828  0.001894   
22  0.0  0.002841  0.014054  0.048793  0.011785  0.008485  0.009828  0.001894   
23  0.0  0.002841  0.014054  0.048793  0.011785  0.008485  0.009828  0.001894   
24  0.0  0.002841  0.014054  0.048793  0.011785  0.008485  0.009828  0.001894   
25  0.0  0.002841  0.014054  0.048793  0.011785  0.008485  0.009828  0.001894   
26  0.0  0.002841  0.014054  0.048793  0.011785  0.008485  0.009828  0.001894   
27  0.0  0.002841  0.014054  0.048793  0.011785  0.008485  0.009828  0.001894   
28  0.0  0.002841  0.014054  0.048793  0.011785  0.008485  0.009828  0.001894   
29  0.0  0.002841  0.014054  0.048793  0.011785  0.008485  0.009828  0.001894   

     49  
0   0.0  
1   0.0  
2   0.0  
3   0.0  
4   0.0  
5   0.0  
6   0.0  
7   0.0  
8   0.0  
9   0.0  
10  0.0  
11  0.0  
12  0.0  
13  0.0  
14  0.0  
15  0.0  
16  0.0  
17  0.0  
18  0.0  
19  0.0  
20  0.0  
21  0.0  
22  0.0  
23  0.0  
24  0.0  
25  0.0  
26  0.0  
27  0.0  
28  0.0  
29  0.0  

[30 rows x 50 columns]
50
rmse :  0.006822543375602994
mae: 0.01732873500198572
[0.3, 0.8571428571428571, 0.4444444444444444, 6, 29, 14, 1]
[0.05, 0.5, 0.09090909090909091, 1, 29, 19, 1]
[0.35, 0.4375, 0.38888888888888884, 7, 21, 13, 9]
[0.475445264, 0.921508434, 0.627260332691938, 0, 30, 20, 0]
[0.475445264, 0.921508434, 0.627260332691938, 0, 30, 20, 0]
[0.1, 0.5, 0.16666666666666669, 2, 28, 18, 2]
[0.475445264, 0.921508434, 0.627260332691938, 0, 30, 20, 0]
[0.1, 1.0, 0.18181818181818182, 2, 30, 18, 0]
[0.15, 1.0, 0.2608695652173913, 3, 30, 17, 0]
[0.35, 1.0, 0.5185185185185185, 7, 30, 13, 0]
[0.1, 0.6666666666666666, 0.1739130434782609, 2, 29, 18, 1]
[0.05, 1.0, 0.09523809523809523, 1, 30, 19, 0]
[0.15, 1.0, 0.2608695652173913, 3, 30, 17, 0]
[0.1, 1.0, 0.18181818181818182, 2, 30, 18, 0]
[0.475445264, 0.921508434, 0.627260332691938, 0, 30, 20, 0]
[0.475445264, 0.921508434, 0.627260332691938, 0, 30, 20, 0]
[0.05, 0.5, 0.09090909090909091, 1, 29, 19, 1]
[0.1, 1.0, 0.18181818181818182, 2, 30, 18, 0]
[0.1, 1.0, 0.18181818181818182, 2, 30, 18, 0]
[0.1, 0.6666666666666666, 0.1739130434782609, 2, 29, 18, 1]
[0.15, 1.0, 0.2608695652173913, 3, 30, 17, 0]
[0.05, 1.0, 0.09523809523809523, 1, 30, 19, 0]
[0.475445264, 0.921508434, 0.627260332691938, 0, 30, 20, 0]
[0.2, 1.0, 0.33333333333333337, 4, 30, 16, 0]
[0.475445264, 0.921508434, 0.627260332691938, 0, 30, 20, 0]
[0.05, 1.0, 0.09523809523809523, 1, 30, 19, 0]
[0.15, 1.0, 0.2608695652173913, 3, 30, 17, 0]
[0.1, 1.0, 0.18181818181818182, 2, 30, 18, 0]
[0.05, 1.0, 0.09523809523809523, 1, 30, 19, 0]
[0.05, 1.0, 0.09523809523809523, 1, 30, 19, 0]
Precision : 0.20927056159999996 Recall : 0.8859511742825396 F-Measure : 0.3067026031873689
0.006822543375602994 0.01732873500198572 0.20927056159999996 0.8859511742825396 0.3067026031873689