"C:\Users\Aditya\Desktop\Project\Clustering and Normalization\venv\Scripts\python.exe" "C:/Users/Aditya/Desktop/Project/Clustering and Normalization/Clusters.py"
     s153    s167   s234    s248    s251   s259  s425   s527   s535    s624  \
0   0.442   0.497  0.301   0.865   0.469  0.328  0.45  0.604  0.469   1.728   
1   0.442   1.097  0.699   3.535   0.469  0.872  0.65  0.304  1.031   0.572   
2   3.558   1.303  0.301   0.665   0.269  0.328  0.05  0.604  0.469   0.028   
3   0.442   8.097  0.201   0.365   0.031  0.328  0.15  0.604  0.069   0.672   
4   5.858  20.697  0.301   0.765   0.469  0.472  0.45  0.604  0.469   4.528   
5   0.342   0.903  0.301   0.865   0.469  0.328  0.35  0.604  1.731   0.872   
6   0.442   1.403  0.301   0.665   0.469  0.328  0.45  0.604  0.469   0.972   
7   0.442   1.303  0.301   0.165   0.369  0.328  0.45  3.196  0.469   0.972   
8   0.442   1.403  0.201   0.665   0.469  0.328  1.25  0.604  0.469   0.672   
9   0.442   1.403  0.301   0.865   0.469  0.328  0.45  0.604  0.469   1.728   
10  0.042   1.403  0.301   0.865   0.469  0.128  0.45  0.304  0.469   0.272   
11  0.058   1.997  0.299   0.865   0.469  0.128  0.15  9.896  0.469   0.872   
12  0.442   1.897  0.301   0.765   0.469  0.228  0.45  0.604  0.469   0.928   
13  0.442   1.403  0.301   0.865   0.469  0.328  0.45  0.604  0.469   0.972   
14  0.442   1.403  0.301   0.865   0.531  0.328  0.25  0.604  0.469   0.872   
15  0.458   1.103  0.201   0.365   0.269  0.328  0.55  0.496  0.469   0.328   
16  0.458   1.103  0.301   0.435   0.269  0.228  0.05  0.504  0.369   0.172   
17  0.442   1.103  0.201   0.865   0.469  0.328  0.45  0.604  0.469   0.972   
18  0.442   0.003  0.301   4.535   0.469  0.328  0.45  0.996  0.469   0.972   
19  0.442   1.103  0.499   0.865   0.369  0.328  0.45  0.104  0.469   0.972   
20  0.442   1.203  0.301   0.535   2.131  0.672  0.45  1.096  0.631   0.872   
21  8.158   1.403  0.499   0.865   0.469  0.328  0.35  0.604  1.131   0.572   
22  2.358   1.403  0.101  19.135   0.469  1.072  0.45  8.596  0.469  33.428   
23  0.042   0.603  0.499   0.335   0.269  0.328  0.45  0.404  1.531   0.572   
24  3.958   1.403  0.499   0.865   0.469  0.328  0.45  0.004  0.469   0.772   
25  2.558  17.997  0.301  12.935  21.931  6.072  0.55  0.404  0.469   8.228   
26  0.558   1.403  0.301   0.865   0.469  0.072  0.75  0.604  0.931   0.972   
27  0.442   0.603  0.301   0.065   0.469  0.328  0.25  0.604  0.269   0.372   
28  0.242   4.997  0.499   0.535   0.269  0.272  0.45  0.596  0.531   0.228   
29  0.442   1.003  0.101   0.865   0.269  0.128  0.45  0.004  0.731   0.772   
..    ...     ...    ...     ...     ...    ...   ...    ...    ...     ...   
70  0.442   1.403  0.301   0.865   0.469  0.128  0.45  0.604  0.469   0.972   
71  0.442   1.403  0.899   0.735   0.069  0.328  0.35  0.604  0.469   0.872   
72  0.342   1.403  0.201   0.865   0.469  0.328  0.45  0.604  0.369   0.872   
73  0.142   8.097  0.301   2.135   0.331  2.772  0.45  0.604  5.131   1.228   
74  0.658   6.797  0.001   0.165   0.031  0.128  0.05  0.504  0.069   0.872   
75  0.442   1.403  0.301   0.865   0.469  0.328  0.45  0.004  0.469   0.972   
76  0.442   1.403  0.301   0.865   0.469  0.328  0.45  0.604  0.369   0.872   
77  0.342   0.197  0.201   0.065   0.369  2.372  0.45  0.604  0.469   5.428   
78  0.442   1.403  0.101   0.665   0.069  0.328  0.35  0.604  0.369   0.872   
79  0.442   1.403  0.301   0.865   0.469  0.328  0.45  0.604  0.469   0.972   
80  0.442   1.403  0.301   0.865   0.469  0.328  0.45  0.604  0.369   0.972   
81  0.442   1.403  0.301   0.635   0.631  0.228  0.35  0.604  0.631   0.972   
82  0.758   1.303  0.301   0.635   0.369  0.228  0.45  0.304  0.369   0.672   
83  0.958   1.403  0.301   0.865   0.369  0.328  0.45  1.496  0.469   0.872   
84  0.258   1.403  0.301   0.865   0.469  0.328  0.45  0.604  0.369   0.772   
85  0.442   1.403  0.301   0.865   0.469  0.328  0.35  0.504  3.131   0.872   
86  0.442   1.403  0.301   0.865   0.469  0.328  0.45  0.604  0.469   2.528   
87  0.442   1.403  0.301   0.865   0.369  0.328  0.45  0.504  0.469   0.972   
88  0.342   7.097  1.499   0.665   0.469  3.672  0.05  0.504  0.031   0.772   
89  0.442   1.403  0.099   0.865   0.469  0.328  0.45  0.604  1.231   0.972   
90  0.342   1.303  0.301   0.865   0.469  0.028  0.35  0.604  0.231   0.572   
91  0.442   1.403  0.301   0.665   0.369  0.328  0.25  0.604  0.269   0.972   
92  0.442  11.897  0.099   0.265   0.469  1.172  0.65  2.496  0.469   0.028   
93  0.242   1.303  0.301   0.035   0.469  0.328  2.35  0.604  0.531   0.172   
94  0.042   1.303  0.301   0.035   0.469  0.372  0.35  0.896  0.069   0.428   
95  0.558   0.503  0.199   0.565   0.231  0.228  1.15  0.604  0.269   0.372   
96  0.342   1.303  0.101   2.235   0.831  1.772  2.65  0.604  0.269   0.972   
97  0.442   1.403  0.301   0.865   0.469  0.328  0.35  0.604  0.469   0.972   
98  0.442   1.403  8.899   0.865   0.469  0.328  0.45  0.604  0.469   0.972   
99  0.442   0.603  0.301   0.865   0.469  0.028  0.45  0.604  0.469   0.972   

    ...     s4912  s4922  s4983  s5070  s5109  s5152   s5157  s5392  s5425  \
0   ...     0.346  0.285  0.431  2.409  0.193  0.539   0.476  0.362  0.311   
1   ...     0.054  0.185  0.431  0.491  5.607  2.761  11.824  2.138  3.089   
2   ...     0.246  0.285  0.431  0.691  0.293  0.139   0.076  0.338  0.311   
3   ...     0.254  0.415  0.431  0.691  0.293  0.439   0.024  0.462  0.389   
4   ...     0.346  0.285  1.869  0.691  2.107  0.539   0.476  0.462  0.311   
5   ...     0.246  0.285  0.431  1.709  0.193  0.539   0.476  0.238  0.189   
6   ...     0.346  0.285  0.331  0.691  0.293  0.539   0.476  0.462  0.189   
7   ...     0.346  0.285  0.431  0.691  0.293  0.539   0.524  0.462  0.211   
8   ...     0.346  0.315  0.431  0.691  0.293  0.261   0.476  0.362  0.111   
9   ...     0.346  0.085  0.431  0.691  0.293  0.539   0.476  0.462  0.311   
10  ...     0.346  0.285  0.431  0.691  0.293  0.061   0.476  0.462  0.589   
11  ...     0.046  0.415  0.131  0.191  0.093  0.339   0.524  0.162  0.311   
12  ...     0.146  0.285  0.969  0.491  0.293  0.539   0.476  0.462  0.311   
13  ...     0.346  0.285  0.431  0.691  0.293  0.539   0.476  0.462  0.211   
14  ...     0.346  0.285  0.431  0.709  1.107  0.339   0.476  0.362  0.311   
15  ...     0.246  0.015  0.869  0.591  0.093  0.139   0.376  0.138  0.089   
16  ...     0.254  0.215  0.669  0.291  0.193  0.361   0.724  0.462  0.089   
17  ...     0.346  0.285  0.431  0.691  0.293  0.561   2.524  0.062  0.889   
18  ...     0.246  0.285  0.431  0.291  0.293  0.439   0.724  0.362  0.011   
19  ...     0.346  0.285  0.431  0.591  0.193  0.539   0.376  0.162  0.311   
20  ...     1.554  0.315  0.231  0.709  0.507  0.861   3.224  0.462  0.089   
21  ...     0.346  0.085  0.431  3.009  0.093  0.339   0.476  0.462  0.311   
22  ...     0.346  0.285  6.769  1.709  0.293  0.539   0.476  0.462  0.311   
23  ...     0.054  0.315  0.569  3.909  0.093  2.461   0.324  0.538  0.311   
24  ...     0.146  0.085  0.369  0.691  0.307  0.061   1.324  1.138  0.489   
25  ...     0.346  0.285  0.431  1.309  0.293  0.139   0.476  0.262  0.311   
26  ...     0.346  0.115  0.431  0.691  0.293  0.539   0.124  0.462  0.311   
27  ...     0.346  0.285  0.231  0.109  0.293  0.139   0.476  0.462  0.289   
28  ...    15.654  0.315  0.169  2.709  0.293  3.461   0.476  0.462  0.689   
29  ...     0.346  0.715  0.431  0.691  0.293  0.539   0.476  0.462  0.311   
..  ...       ...    ...    ...    ...    ...    ...     ...    ...    ...   
70  ...     0.346  0.285  0.431  0.391  0.407  0.539   0.076  0.462  0.211   
71  ...     0.046  0.615  0.569  0.691  0.407  0.539   1.324  7.538  0.311   
72  ...     0.346  0.285  0.431  0.691  0.293  0.239   0.476  0.462  0.311   
73  ...     0.054  0.015  0.431  8.209  0.193  0.339   0.476  0.462  0.189   
74  ...     0.346  0.085  0.469  1.609  0.293  0.361   0.176  0.162  0.111   
75  ...     0.346  0.285  0.431  0.091  0.193  0.439   0.476  0.462  0.311   
76  ...     0.346  0.285  0.431  0.691  0.293  0.539   0.476  0.462  0.311   
77  ...     0.346  0.085  0.431  0.291  0.293  3.861   0.476  0.162  0.211   
78  ...     0.346  0.185  0.469  0.591  0.307  0.539   0.376  0.462  0.311   
79  ...     0.346  0.285  0.431  0.691  0.293  0.539   0.476  0.462  0.311   
80  ...     0.346  0.285  0.431  0.691  0.293  0.439   0.476  0.462  0.311   
81  ...     0.346  0.285  0.431  0.809  0.507  0.161   0.376  0.262  0.689   
82  ...     0.146  0.285  0.231  0.109  0.107  0.539   0.176  0.262  0.189   
83  ...     0.346  0.285  2.669  0.709  0.293  2.361   0.476  0.162  0.311   
84  ...     0.246  0.285  0.331  0.691  0.293  0.561   0.276  0.462  0.689   
85  ...     0.254  0.285  0.031  0.591  0.293  0.039   1.024  0.462  0.311   
86  ...     0.346  0.115  0.431  2.209  0.307  0.439   0.476  4.038  0.311   
87  ...     0.346  0.285  0.431  0.691  0.293  0.539   0.476  0.262  0.311   
88  ...     0.554  0.215  0.031  0.191  1.907  1.561   1.024  0.338  0.189   
89  ...     0.346  0.285  0.431  0.591  0.193  0.539   0.476  0.462  0.311   
90  ...     0.146  0.085  0.431  0.491  0.293  0.339   0.476  0.362  0.389   
91  ...     0.346  0.285  0.431  0.691  0.293  0.539   0.476  0.462  0.311   
92  ...     0.454  1.515  4.469  2.409  1.207  2.361   1.824  3.838  0.011   
93  ...     0.246  0.015  0.431  0.591  0.293  0.661   0.476  0.462  0.211   
94  ...     0.254  1.215  2.369  0.591  0.093  0.061   0.124  0.162  0.311   
95  ...     0.346  0.415  0.269  0.009  0.007  0.239   0.324  0.738  0.011   
96  ...     0.254  2.015  2.269  0.691  0.293  0.439   1.224  1.338  0.111   
97  ...     0.346  0.285  0.431  0.691  0.293  0.539   0.476  0.262  0.311   
98  ...     0.346  0.285  0.431  0.691  0.293  0.539   0.476  0.462  0.311   
99  ...     0.554  0.285  0.431  0.691  0.293  0.339   0.076  0.362  0.189   

    s5502  
0   0.238  
1   0.238  
2   0.138  
3   0.162  
4   0.538  
5   3.662  
6   0.538  
7   0.538  
8   0.238  
9   0.538  
10  0.538  
11  1.862  
12  0.238  
13  0.538  
14  0.338  
15  0.538  
16  0.438  
17  0.438  
18  0.438  
19  0.538  
20  1.262  
21  3.262  
22  0.538  
23  3.862  
24  0.338  
25  0.262  
26  0.538  
27  0.062  
28  0.138  
29  0.862  
..    ...  
70  0.538  
71  0.538  
72  0.238  
73  1.862  
74  0.462  
75  4.862  
76  0.538  
77  0.338  
78  0.238  
79  0.538  
80  0.538  
81  0.038  
82  0.438  
83  0.538  
84  0.538  
85  0.538  
86  0.538  
87  0.538  
88  0.538  
89  0.862  
90  7.862  
91  0.538  
92  0.538  
93  0.538  
94  0.538  
95  0.538  
96  0.538  
97  0.138  
98  0.538  
99  0.538  

[100 rows x 100 columns]
[[0.442 1.403 0.301 0.865 0.469 0.328 0.45  0.604 0.469 0.972 0.288 0.217
  0.489 0.763 0.206 0.38  0.622 0.327 0.183 0.299 0.533 0.453 0.268 0.374
  0.435 0.199 0.318 0.579 0.347 0.283 0.305 0.411 0.68  0.388 0.075 0.368
  0.377 0.39  0.367 1.072 0.178 0.285 0.508 0.516 0.265 0.516 0.576 0.227
  2.327 0.386 0.339 0.316 0.377 0.535 0.401 0.671 0.37  0.616 0.155 0.285
  0.394 0.502 0.318 0.546 0.544 0.297 0.458 0.563 0.781 0.345 0.353 0.687
  0.416 0.017 0.209 0.734 0.228 0.272 0.622 0.465 0.264 0.597 0.351 0.356
  0.251 0.295 0.166 0.288 0.218 0.378 0.346 0.285 0.431 0.691 0.293 0.539
  0.476 0.462 0.211 0.538]
 [0.442 1.203 0.301 0.865 0.469 0.328 0.45  0.604 0.369 0.572 0.288 0.217
  0.489 0.763 0.206 0.38  0.622 0.327 0.183 0.299 0.333 0.353 0.368 0.374
  0.335 0.199 0.318 0.579 0.347 0.283 0.305 0.211 0.68  0.288 0.175 0.368
  0.377 0.29  0.267 1.072 0.078 0.085 0.408 0.516 0.035 0.516 0.576 0.227
  2.127 0.386 0.339 0.316 0.377 0.535 0.401 0.471 0.27  0.616 0.355 0.285
  0.394 0.502 0.318 0.446 0.544 0.097 0.458 0.563 0.781 0.345 0.253 0.687
  0.116 0.183 0.209 0.734 0.328 0.272 0.622 0.465 0.264 0.597 0.351 0.356
  0.251 0.295 0.166 0.288 0.218 0.278 0.346 0.285 0.431 0.691 0.293 0.439
  0.476 0.462 0.311 0.538]
 [0.342 1.203 0.301 0.865 1.031 0.328 0.05  0.604 0.131 1.228 0.288 0.483
  0.489 2.337 0.194 0.28  0.522 0.327 0.183 0.299 0.133 0.453 0.368 0.374
  0.135 1.501 0.382 0.079 0.053 0.017 0.205 0.289 0.58  0.512 0.175 0.368
  0.177 0.29  0.133 1.072 0.422 0.285 0.508 0.516 0.135 0.416 0.376 0.027
  4.673 0.086 0.261 0.316 0.277 0.335 0.401 0.571 0.03  0.116 0.255 0.215
  0.394 0.302 0.318 0.854 1.556 0.297 0.258 1.337 0.781 0.345 0.047 0.487
  1.684 0.017 1.891 0.734 0.028 0.272 1.178 0.365 0.136 0.597 0.351 0.356
  0.251 0.195 0.734 0.288 0.118 0.122 0.346 0.185 0.431 0.591 0.293 0.439
  0.476 0.462 0.189 0.238]
 [0.442 1.403 0.201 0.665 0.469 0.328 1.25  0.604 0.469 0.672 0.288 0.217
  0.389 0.763 0.206 0.38  0.422 0.327 0.183 0.299 0.433 0.453 0.368 0.074
  0.435 0.299 0.082 0.379 0.347 0.283 0.205 0.411 0.58  0.612 0.175 0.032
  0.377 0.19  0.167 0.872 0.178 0.285 0.508 0.516 0.265 0.316 0.276 0.127
  1.827 0.286 0.139 0.316 0.377 0.535 0.401 0.071 0.37  0.516 0.355 0.285
  0.394 0.502 0.318 1.154 0.456 0.197 0.358 0.563 0.681 0.345 0.353 0.687
  0.216 0.183 0.209 0.734 0.228 0.272 0.622 0.365 0.164 0.597 0.351 0.356
  0.251 0.295 0.166 0.288 0.182 0.278 0.346 0.315 0.431 0.691 0.293 0.261
  0.476 0.362 0.111 0.238]
 [0.442 1.403 0.301 0.865 0.469 0.328 0.45  0.604 0.469 2.528 0.288 0.217
  1.411 0.763 1.994 0.38  0.622 0.327 0.017 0.099 0.433 0.453 0.368 0.726
  0.435 0.299 0.318 0.579 0.347 0.283 0.305 0.411 0.08  0.812 0.075 0.368
  0.077 0.39  0.067 1.072 0.178 0.015 0.508 0.384 0.265 0.516 0.576 0.573
  1.927 0.386 0.161 0.316 0.377 1.065 0.099 0.671 0.73  0.116 0.355 0.415
  0.294 0.502 0.018 1.354 0.544 0.297 2.142 0.563 0.781 0.345 0.547 0.487
  0.416 0.283 0.891 0.734 0.172 0.028 0.522 0.465 0.264 0.597 0.351 0.256
  0.251 0.295 0.034 0.288 0.082 0.222 0.346 0.115 0.431 2.209 0.307 0.439
  0.476 4.038 0.311 0.538]]
[3, 3, 3, 3, 3, 3, 3, 3, 3, 3, 3, 3, 3, 3, 3, 3, 3, 3, 3, 4, 3, 0, 3, 3, 3, 3, 3, 3, 3, 3, 3, 3, 3, 3, 0, 3, 2, 3, 3, 3, 3, 3, 3, 3, 3, 3, 3, 3, 3, 6, 3, 3, 3, 3, 3, 3, 3, 3, 3, 3, 3, 3, 3, 5, 3, 3, 3, 3, 3, 1]
3
100
Clusters :  [[21, 34], [69], [36], [0, 1, 2, 3, 4, 5, 6, 7, 8, 9, 10, 11, 12, 13, 14, 15, 16, 17, 18, 20, 22, 23, 24, 25, 26, 27, 28, 29, 30, 31, 32, 33, 35, 37, 38, 39, 40, 41, 42, 43, 44, 45, 46, 47, 48, 50, 51, 52, 53, 54, 55, 56, 57, 58, 59, 60, 61, 62, 64, 65, 66, 67, 68], [19], [63], [49]]
[array([0.392, 9.497, 0.799, 0.465, 0.469, 2.422, 0.35 , 1.5  , 0.25 ,
       0.4  , 2.35 , 0.8  , 0.3  , 1.787, 0.344, 0.1  , 1.278, 2.473,
       1.367, 0.2  , 0.283, 0.253, 1.782, 1.176, 4.065, 0.149, 0.168,
       5.621, 3.053, 0.6  , 0.155, 1.35 , 1.7  , 2.512, 0.525, 0.45 ,
       0.327, 1.56 , 0.4  , 1.6  , 0.178, 0.35 , 1.1  , 0.4  , 0.35 ,
       0.734, 0.15 , 0.05 , 1.777, 0.65 , 0.289, 0.316, 0.6  , 1.065,
       6.299, 0.521, 2.7  , 0.284, 0.2  , 0.235, 2.656, 0.252, 5.982,
       0.55 , 0.444, 1.3  , 1.05 , 0.85 , 2.4  , 0.25 , 0.95 , 3.15 ,
       0.75 , 0.233, 0.491, 4.816, 0.522, 0.272, 3.178, 0.365, 0.214,
       2.153, 3.05 , 4.944, 0.151, 0.35 , 0.166, 2.962, 0.3  , 1.122,
       0.504, 0.865, 2.25 , 1.3  , 1.557, 1.961, 1.424, 2.088, 0.1  ,
       0.538]), array([ 0.058,  1.403,  0.301,  2.235,  0.469,  0.328,  0.45 ,  1.296,
        0.831,  0.572,  0.288,  0.217,  1.611, 13.937,  0.206,  2.22 ,
        0.622,  0.327,  0.183,  0.299,  4.467,  0.047,  0.032,  0.374,
        0.435,  0.199,  1.082,  0.579,  0.147,  0.283,  1.395,  0.411,
        0.68 ,  8.912,  0.175,  0.368,  0.023,  0.39 ,  1.333,  1.028,
        0.022,  1.615, 16.192,  0.516,  0.265,  7.884,  0.576,  0.227,
       19.273,  0.386,  0.761,  0.316,  0.423,  0.535,  0.401,  0.571,
        0.17 ,  3.784,  0.355,  0.285,  1.706,  0.402,  0.318,  4.854,
        0.256,  0.103,  0.458,  6.037,  0.781,  0.045,  0.547,  5.813,
        1.284,  0.283,  0.209,  0.734,  0.072,  0.272,  0.522,  0.465,
        0.264,  0.597,  0.351,  0.356,  0.251,  0.295,  0.066,  0.288,
        0.218,  0.178,  0.346,  2.115,  0.131,  0.691,  2.207,  0.339,
        1.524,  0.062,  0.311,  0.562]), array([5.8580e+00, 2.0697e+01, 3.0100e-01, 7.6500e-01, 4.6900e-01,
       4.7200e-01, 4.5000e-01, 6.0400e-01, 4.6900e-01, 4.5280e+00,
       2.8800e-01, 1.7000e-02, 4.8900e-01, 6.6300e-01, 2.0600e-01,
       3.8000e-01, 9.7800e-01, 3.2700e-01, 1.8300e-01, 2.9900e-01,
       5.3300e-01, 2.5300e-01, 3.6800e-01, 3.7400e-01, 4.3500e-01,
       1.0100e-01, 3.1800e-01, 5.7900e-01, 3.4700e-01, 2.8300e-01,
       3.0500e-01, 4.1100e-01, 6.8000e-01, 1.8800e-01, 7.5000e-02,
       3.6800e-01, 2.3000e-02, 1.9000e-01, 1.3300e-01, 6.7200e-01,
       1.7800e-01, 1.8500e-01, 5.0800e-01, 5.1600e-01, 1.6500e-01,
       5.1600e-01, 5.7600e-01, 2.2700e-01, 1.7270e+00, 3.8600e-01,
       4.6610e+00, 2.1600e-01, 3.7700e-01, 3.3500e-01, 4.0100e-01,
       6.7100e-01, 3.7000e-01, 1.9840e+00, 2.5500e-01, 2.8500e-01,
       3.9400e-01, 5.0200e-01, 3.1800e-01, 4.5400e-01, 5.4400e-01,
       1.1303e+01, 4.5800e-01, 5.6300e-01, 1.2619e+01, 3.4500e-01,
       3.5300e-01, 6.8700e-01, 4.1600e-01, 2.8300e-01, 1.9100e-01,
       6.3400e-01, 3.2800e-01, 4.2800e-01, 1.7800e-01, 3.6500e-01,
       1.3600e-01, 5.9700e-01, 3.5100e-01, 5.5440e+00, 2.5100e-01,
       7.3050e+00, 1.6600e-01, 2.8800e-01, 2.1800e-01, 3.7800e-01,
       3.4600e-01, 2.8500e-01, 1.8690e+00, 6.9100e-01, 2.1070e+00,
       5.3900e-01, 4.7600e-01, 4.6200e-01, 3.1100e-01, 5.3800e-01]), array([0.49006349, 1.65611111, 0.46563492, 0.81373016, 0.48360317,
       0.34469841, 0.67539683, 0.7888254 , 0.55239683, 0.81580952,
       0.36203175, 0.25071429, 0.73446032, 0.9438254 , 0.30053968,
       0.59587302, 0.75914286, 0.44515873, 0.24934921, 0.38207937,
       0.80506349, 0.56912698, 0.40571429, 0.38949206, 0.49626984,
       0.37084127, 0.37019048, 0.47915873, 0.42163492, 0.37103175,
       0.36277778, 0.4425873 , 0.97936508, 0.39257143, 0.23293651,
       0.40374603, 0.36452381, 0.48904762, 0.44988889, 0.8967619 ,
       0.24631746, 0.4234127 , 0.62742857, 0.55904762, 0.42039683,
       0.60266667, 0.59053968, 0.31207937, 2.26566667, 0.46092063,
       0.31144444, 0.41784127, 0.46169841, 0.76214286, 0.3705873 ,
       0.67528571, 0.36206349, 0.64590476, 0.47246032, 0.37293651,
       0.49806349, 0.64593651, 0.3332381 , 0.65228571, 0.50977778,
       0.2898254 , 0.52980952, 0.52042857, 0.7685873 , 0.47261905,
       0.37865079, 0.7054127 , 0.52996825, 0.30011111, 0.27093651,
       0.78879365, 0.45860317, 0.40101587, 0.7508254 , 0.72531746,
       0.38431746, 0.81252381, 0.46474603, 0.39396825, 0.2934127 ,
       0.25420635, 0.2204127 , 0.3631746 , 0.22892063, 0.40733333,
       0.31234921, 0.32992063, 0.45290476, 0.84103175, 0.35439683,
       0.56646032, 0.58425397, 0.52492063, 0.41230159, 0.74453968]), array([2.5580e+00, 1.7997e+01, 3.0100e-01, 1.2935e+01, 2.1931e+01,
       6.0720e+00, 5.5000e-01, 4.0400e-01, 4.6900e-01, 8.2280e+00,
       2.8800e-01, 2.1700e-01, 5.1100e-01, 7.6300e-01, 2.0600e-01,
       3.8000e-01, 9.7800e-01, 3.2700e-01, 1.8300e-01, 2.9900e-01,
       2.6670e+00, 8.5470e+00, 3.6800e-01, 3.7400e-01, 4.3500e-01,
       2.9900e-01, 3.1800e-01, 1.8210e+00, 1.2530e+00, 8.3000e-02,
       1.0500e-01, 5.1890e+00, 6.8000e-01, 4.6120e+00, 1.7500e-01,
       3.6800e-01, 3.7700e-01, 6.1000e-01, 3.6700e-01, 9.2800e-01,
       1.7800e-01, 2.8500e-01, 5.0800e-01, 5.1600e-01, 2.6500e-01,
       5.1600e-01, 5.7600e-01, 4.7730e+00, 1.0473e+01, 2.1400e-01,
       2.2610e+00, 5.8840e+00, 3.7700e-01, 1.2650e+00, 4.0100e-01,
       1.6729e+01, 3.7000e-01, 1.8400e-01, 8.4500e-01, 2.8500e-01,
       6.0000e-03, 5.0200e-01, 3.1800e-01, 5.4600e-01, 3.0560e+00,
       1.9030e+00, 4.5800e-01, 2.2370e+00, 1.6190e+00, 4.5500e-01,
       4.4700e-01, 6.8700e-01, 4.1600e-01, 7.1700e-01, 2.0900e-01,
       3.6660e+00, 3.2800e-01, 2.7200e-01, 6.2200e-01, 4.6500e-01,
       6.4000e-02, 5.9700e-01, 3.5100e-01, 3.5600e-01, 2.5100e-01,
       9.5000e-02, 1.6600e-01, 2.8800e-01, 2.1800e-01, 1.7800e-01,
       3.4600e-01, 2.8500e-01, 4.3100e-01, 1.3090e+00, 2.9300e-01,
       1.3900e-01, 4.7600e-01, 2.6200e-01, 3.1100e-01, 2.6200e-01]), array([ 0.242,  4.997,  0.499,  0.535,  0.269,  0.272,  0.45 ,  0.596,
        0.531,  0.228,  0.512,  3.583,  0.289,  0.763,  0.194,  1.82 ,
        8.578,  2.073,  0.017,  0.701,  0.533,  1.347,  4.832,  2.626,
        0.435,  0.099,  0.082,  0.579,  0.347,  1.917,  2.295,  0.411,
        0.48 ,  0.388,  1.425,  0.432,  0.377,  0.19 ,  0.233,  0.472,
        0.022,  0.085,  0.308,  0.684,  0.065,  0.284,  2.424,  0.227,
        1.073,  0.186,  0.061,  0.884,  0.823,  0.265,  1.799,  0.071,
        0.03 ,  0.416,  0.155,  0.315,  0.194,  0.302,  0.118,  0.146,
        0.256,  0.297,  1.542,  0.563,  0.019,  0.345,  0.047,  0.287,
        0.384,  0.917,  0.191,  0.334,  0.328,  1.328,  3.978,  0.065,
        0.536,  0.597,  0.351,  0.356,  0.051,  1.105,  0.834,  0.512,
        0.582,  0.378, 15.654,  0.315,  0.169,  2.709,  0.293,  3.461,
        0.476,  0.462,  0.689,  0.138]), array([8.1580e+00, 1.4030e+00, 4.9900e-01, 8.6500e-01, 4.6900e-01,
       3.2800e-01, 3.5000e-01, 6.0400e-01, 1.1310e+00, 5.7200e-01,
       7.1200e-01, 1.7000e-02, 4.8900e-01, 7.6300e-01, 2.0600e-01,
       3.8000e-01, 3.2200e-01, 3.2700e-01, 1.8300e-01, 2.9900e-01,
       5.3300e-01, 2.5300e-01, 2.3200e-01, 3.7400e-01, 4.3500e-01,
       2.9900e-01, 3.1800e-01, 4.7900e-01, 3.4700e-01, 2.8300e-01,
       1.9500e-01, 4.1100e-01, 6.8000e-01, 3.8800e-01, 2.2500e-01,
       4.3200e-01, 1.3923e+01, 3.9000e-01, 3.3000e-02, 1.0720e+00,
       1.7800e-01, 2.8500e-01, 5.0800e-01, 5.1600e-01, 1.3500e-01,
       5.1600e-01, 5.7600e-01, 2.2700e-01, 2.3270e+00, 8.6000e-02,
       3.3900e-01, 2.1600e-01, 3.7700e-01, 4.3500e-01, 4.0100e-01,
       3.7100e-01, 3.7000e-01, 1.1600e-01, 2.5500e-01, 2.8500e-01,
       1.9400e-01, 5.0200e-01, 3.1800e-01, 4.4600e-01, 5.4400e-01,
       2.9700e-01, 4.5800e-01, 5.6300e-01, 4.8190e+00, 3.4500e-01,
       3.5300e-01, 6.8700e-01, 1.8400e-01, 1.7000e-02, 2.0900e-01,
       1.7166e+01, 3.2800e-01, 1.7200e-01, 6.2200e-01, 2.7350e+00,
       1.6400e-01, 4.9700e-01, 1.2490e+00, 2.5600e-01, 2.5100e-01,
       9.5000e-02, 6.6000e-02, 4.1200e-01, 2.1800e-01, 3.7800e-01,
       3.4600e-01, 8.5000e-02, 4.3100e-01, 3.0090e+00, 9.3000e-02,
       3.3900e-01, 4.7600e-01, 4.6200e-01, 3.1100e-01, 3.2620e+00])]
0
1
2
3
4
5
6
7
8
9
10
11
12
13
14
15
16
17
18
19
20
21
22
23
24
25
26
27
28
29
Recommended vector :
       0       1      2       3       4      5     6      7      8      9   \
0   2.558  17.997  0.301  12.935  21.931  6.072  0.55  0.404  0.469  8.228   
1   2.558  17.997  0.301  12.935  21.931  6.072  0.55  0.404  0.469  8.228   
2   2.558  17.997  0.301  12.935  21.931  6.072  0.55  0.404  0.469  8.228   
3   2.558  17.997  0.301  12.935  21.931  6.072  0.55  0.404  0.469  8.228   
4   2.558  17.997  0.301  12.935  21.931  6.072  0.55  0.404  0.469  8.228   
5   2.558  17.997  0.301  12.935  21.931  6.072  0.55  0.404  0.469  8.228   
6   8.158   1.403  0.499   0.865   0.469  0.328  0.35  0.604  1.131  0.572   
7   2.558  17.997  0.301  12.935  21.931  6.072  0.55  0.404  0.469  8.228   
8   2.558  17.997  0.301  12.935  21.931  6.072  0.55  0.404  0.469  8.228   
9   2.558  17.997  0.301  12.935  21.931  6.072  0.55  0.404  0.469  8.228   
10  2.558  17.997  0.301  12.935  21.931  6.072  0.55  0.404  0.469  8.228   
11  2.558  17.997  0.301  12.935  21.931  6.072  0.55  0.404  0.469  8.228   
12  2.558  17.997  0.301  12.935  21.931  6.072  0.55  0.404  0.469  8.228   
13  2.558  17.997  0.301  12.935  21.931  6.072  0.55  0.404  0.469  8.228   
14  2.558  17.997  0.301  12.935  21.931  6.072  0.55  0.404  0.469  8.228   
15  2.558  17.997  0.301  12.935  21.931  6.072  0.55  0.404  0.469  8.228   
16  2.558  17.997  0.301  12.935  21.931  6.072  0.55  0.404  0.469  8.228   
17  2.558  17.997  0.301  12.935  21.931  6.072  0.55  0.404  0.469  8.228   
18  2.558  17.997  0.301  12.935  21.931  6.072  0.55  0.404  0.469  8.228   
19  2.558  17.997  0.301  12.935  21.931  6.072  0.55  0.404  0.469  8.228   
20  2.558  17.997  0.301  12.935  21.931  6.072  0.55  0.404  0.469  8.228   
21  2.558  17.997  0.301  12.935  21.931  6.072  0.55  0.404  0.469  8.228   
22  2.558  17.997  0.301  12.935  21.931  6.072  0.55  0.404  0.469  8.228   
23  2.558  17.997  0.301  12.935  21.931  6.072  0.55  0.404  0.469  8.228   
24  2.558  17.997  0.301  12.935  21.931  6.072  0.55  0.404  0.469  8.228   
25  2.558  17.997  0.301  12.935  21.931  6.072  0.55  0.404  0.469  8.228   
26  2.558  17.997  0.301  12.935  21.931  6.072  0.55  0.404  0.469  8.228   
27  2.558  17.997  0.301  12.935  21.931  6.072  0.55  0.404  0.469  8.228   
28  2.558  17.997  0.301  12.935  21.931  6.072  0.55  0.404  0.469  8.228   
29  2.558  17.997  0.301  12.935  21.931  6.072  0.55  0.404  0.469  8.228   

    ...       90     91     92     93     94     95     96     97     98  \
0   ...    0.346  0.285  0.431  1.309  0.293  0.139  0.476  0.262  0.311   
1   ...    0.346  0.285  0.431  1.309  0.293  0.139  0.476  0.262  0.311   
2   ...    0.346  0.285  0.431  1.309  0.293  0.139  0.476  0.262  0.311   
3   ...    0.346  0.285  0.431  1.309  0.293  0.139  0.476  0.262  0.311   
4   ...    0.346  0.285  0.431  1.309  0.293  0.139  0.476  0.262  0.311   
5   ...    0.346  0.285  0.431  1.309  0.293  0.139  0.476  0.262  0.311   
6   ...    0.346  0.085  0.431  3.009  0.093  0.339  0.476  0.462  0.311   
7   ...    0.346  0.285  0.431  1.309  0.293  0.139  0.476  0.262  0.311   
8   ...    0.346  0.285  0.431  1.309  0.293  0.139  0.476  0.262  0.311   
9   ...    0.346  0.285  0.431  1.309  0.293  0.139  0.476  0.262  0.311   
10  ...    0.346  0.285  0.431  1.309  0.293  0.139  0.476  0.262  0.311   
11  ...    0.346  0.285  0.431  1.309  0.293  0.139  0.476  0.262  0.311   
12  ...    0.346  0.285  0.431  1.309  0.293  0.139  0.476  0.262  0.311   
13  ...    0.346  0.285  0.431  1.309  0.293  0.139  0.476  0.262  0.311   
14  ...    0.346  0.285  0.431  1.309  0.293  0.139  0.476  0.262  0.311   
15  ...    0.346  0.285  0.431  1.309  0.293  0.139  0.476  0.262  0.311   
16  ...    0.346  0.285  0.431  1.309  0.293  0.139  0.476  0.262  0.311   
17  ...    0.346  0.285  0.431  1.309  0.293  0.139  0.476  0.262  0.311   
18  ...    0.346  0.285  0.431  1.309  0.293  0.139  0.476  0.262  0.311   
19  ...    0.346  0.285  0.431  1.309  0.293  0.139  0.476  0.262  0.311   
20  ...    0.346  0.285  0.431  1.309  0.293  0.139  0.476  0.262  0.311   
21  ...    0.346  0.285  0.431  1.309  0.293  0.139  0.476  0.262  0.311   
22  ...    0.346  0.285  0.431  1.309  0.293  0.139  0.476  0.262  0.311   
23  ...    0.346  0.285  0.431  1.309  0.293  0.139  0.476  0.262  0.311   
24  ...    0.346  0.285  0.431  1.309  0.293  0.139  0.476  0.262  0.311   
25  ...    0.346  0.285  0.431  1.309  0.293  0.139  0.476  0.262  0.311   
26  ...    0.346  0.285  0.431  1.309  0.293  0.139  0.476  0.262  0.311   
27  ...    0.346  0.285  0.431  1.309  0.293  0.139  0.476  0.262  0.311   
28  ...    0.346  0.285  0.431  1.309  0.293  0.139  0.476  0.262  0.311   
29  ...    0.346  0.285  0.431  1.309  0.293  0.139  0.476  0.262  0.311   

       99  
0   0.262  
1   0.262  
2   0.262  
3   0.262  
4   0.262  
5   0.262  
6   3.262  
7   0.262  
8   0.262  
9   0.262  
10  0.262  
11  0.262  
12  0.262  
13  0.262  
14  0.262  
15  0.262  
16  0.262  
17  0.262  
18  0.262  
19  0.262  
20  0.262  
21  0.262  
22  0.262  
23  0.262  
24  0.262  
25  0.262  
26  0.262  
27  0.262  
28  0.262  
29  0.262  

[30 rows x 100 columns]
100
rmse :  8.851264593333335
mae: 1.1152039999999996
precision recall fmeasure tp tn fp fn
[1.0, 1.0, 1.0, 100, 0, 0, 0]
[1.0, 1.0, 1.0, 100, 0, 0, 0]
[1.0, 1.0, 1.0, 100, 0, 0, 0]
[1.0, 1.0, 1.0, 100, 0, 0, 0]
[1.0, 1.0, 1.0, 100, 0, 0, 0]
[1.0, 1.0, 1.0, 100, 0, 0, 0]
[1.0, 1.0, 1.0, 100, 0, 0, 0]
[1.0, 1.0, 1.0, 100, 0, 0, 0]
[1.0, 1.0, 1.0, 100, 0, 0, 0]
[1.0, 1.0, 1.0, 100, 0, 0, 0]
[1.0, 1.0, 1.0, 100, 0, 0, 0]
[1.0, 1.0, 1.0, 100, 0, 0, 0]
[1.0, 1.0, 1.0, 100, 0, 0, 0]
[1.0, 1.0, 1.0, 100, 0, 0, 0]
[1.0, 1.0, 1.0, 100, 0, 0, 0]
[1.0, 1.0, 1.0, 100, 0, 0, 0]
[1.0, 1.0, 1.0, 100, 0, 0, 0]
[1.0, 1.0, 1.0, 100, 0, 0, 0]
[1.0, 1.0, 1.0, 100, 0, 0, 0]
[1.0, 1.0, 1.0, 100, 0, 0, 0]
[1.0, 1.0, 1.0, 100, 0, 0, 0]
[1.0, 1.0, 1.0, 100, 0, 0, 0]
[1.0, 1.0, 1.0, 100, 0, 0, 0]
[1.0, 1.0, 1.0, 100, 0, 0, 0]
[1.0, 1.0, 1.0, 100, 0, 0, 0]
[1.0, 1.0, 1.0, 100, 0, 0, 0]
[1.0, 1.0, 1.0, 100, 0, 0, 0]
[1.0, 1.0, 1.0, 100, 0, 0, 0]
[1.0, 1.0, 1.0, 100, 0, 0, 0]
[1.0, 1.0, 1.0, 100, 0, 0, 0]
Precision : 1.0 Recall : 1.0 F-Measure : 1.0